-------------------------------------------------

Searching Filename: /home/aubcls63/homework_6/part_2/book_pages/pg1184.txt

There were 407 matching lines with the search word

The search word was found on the following lines: 
362 406 408 488 496 523 575 850 935 976 1005 1013 1058 1062 1094 1361 1372 1385 1413 1432 1685 1703 1708 1722 1725 1871 1898 2066 2099 2286 2364 2371 2442 2464 2887 3010 3067 3873 4392 4482 4759 4991 5070 5075 5098 5127 5132 5145 5173 5259 5838 5861 5951 5955 6384 6825 7017 7066 7231 7233 7380 7670 7838 7871 7919 8216 8398 8775 9231 9448 9801 10317 10323 10502 11517 11527 11543 11603 11675 11689 11695 11703 11705 11716 11763 11803 11805 11847 11862 11893 11918 11962 12031 12054 12266 12287 12465 12567 12583 13294 13303 13714 13859 13981 14296 14341 14344 14346 14360 14361 14894 14990 15377 15397 15400 15667 15708 15764 16100 16173 16438 16804 17036 17378 17443 17646 17740 17750 17752 17755 17798 18009 18038 18138 18300 18710 19181 19194 19705 19770 20046 20244 20245 20314 20657 20733 21162 21351 21362 21508 21731 21962 22184 22739 22771 22803 22813 23069 23224 23227 23305 23560 23961 24273 24346 24349 24355 24356 24398 24676 25367 25401 25462 25521 25537 25809 25866 26414 26498 26532 26658 26862 26869 26881 27536 27541 27552 27728 27753 27796 27854 27991 28784 28842 28972 28976 28983 28990 29014 29028 29201 29218 29254 29310 29319 29322 29348 29502 29672 29836 30013 30291 31029 31065 31229 31486 31488 31515 31552 31554 31569 31759 31814 31830 32147 32164 33165 33428 33518 33733 33936 33966 34014 34314 34354 34404 34407 34410 34527 34625 34830 34832 34978 35041 35044 35129 35188 35322 35407 35466 35482 35483 35524 35626 35635 35802 35915 35923 35957 35997 36160 36223 36384 36540 36640 36826 37155 37353 37371 37389 37596 37779 37847 37856 37870 37978 38056 38082 38100 38175 38216 38519 38998 39284 39441 39457 40585 40668 41027 41138 41192 41335 41529 41581 41886 41915 41917 42957 43006 43058 43083 43610 43682 44036 44059 44504 44511 44645 44665 44799 44943 45175 45674 45680 45772 46117 46170 46251 46424 46782 46794 47068 47557 47584 47734 47886 47904 48320 48335 48343 48392 48426 48446 48502 48709 48795 49021 49103 49258 49479 49627 49628 49701 49765 49966 49987 50391 50741 50742 50766 50767 50775 50778 50805 50841 50870 51699 52197 52435 52437 52475 52756 52808 53075 53174 53250 53363 53365 53376 53377 53378 53389 53719 54394 54567 54618 55038 55092 55438 55820 56120 56252 56538 56930 56932 56939 56999 57048 57196 57312 57313 57494 57660 58207 58256 58259 58260 58424 58657 59118 59122 59865 59899 60222 60278 60473 60499
-------------------------------------------------

Searching Filename: /home/aubcls63/homework_6/part_2/book_pages/pg1232.txt

There were 7 matching lines with the search word

The search word was found on the following lines: 
95 244 832 1386 1712 3279 4683
-------------------------------------------------

Searching Filename: /home/aubcls63/homework_6/part_2/book_pages/pg1322.txt

There were 41 matching lines with the search word

The search word was found on the following lines: 
319 372 520 522 616 1611 1867 2064 2950 3668 3669 3670 3699 3752 5056 5057 5059 5060 6977 6980 8389 8705 8993 9160 9426 9647 9648 9695 9696 10446 10461 10601 11578 12670 13013 13128 14055 15531 16547 17317 17729
-------------------------------------------------

Searching Filename: /home/aubcls63/homework_6/part_2/book_pages/pg135.txt

There were 259 matching lines with the search word

The search word was found on the following lines: 
1951 1960 2496 2698 3018 3368 3602 3757 5095 5425 5787 6142 6232 6802 7059 7175 7806 8591 8592 8593 8594 8606 8905 8973 9070 9252 9461 9568 9690 9868 9956 10071 10128 10440 10796 10800 10805 11373 11534 11547 11551 11616 11624 11742 11904 11964 12252 12253 12269 12554 12612 13107 13177 13674 14440 14670 14671 14825 15630 16633 17327 17587 18074 18593 18651 19255 19554 19710 19714 20580 21082 21824 22115 22810 23596 23743 23967 24769 25025 25120 25231 25306 26035 26132 26761 27168 27247 27479 27632 28686 28687 28736 28849 28913 29040 29835 29930 30231 30288 30358 30362 30515 30629 30630 31115 31513 31795 31910 32140 32327 32430 33237 33272 33841 34981 35044 35194 35198 35576 36717 36839 36897 36960 37837 38165 38166 38198 38615 38977 39401 39652 39653 40275 40514 40948 40954 40967 41321 41380 41400 41452 42135 42275 42460 42848 43078 43249 44418 45081 45146 45165 45166 45229 45396 45511 46026 46187 46197 46365 46366 46432 46541 46723 46819 47111 47149 47215 47219 47448 47514 47775 48161 48213 48355 48398 48526 48530 49105 49619 49718 49759 50074 50196 50718 50722 50996 51109 51675 51703 51712 51731 52406 53240 53517 54003 54177 54183 54616 55134 55305 56831 56849 57544 58499 59470 59505 60141 60178 60404 60639 60785 60786 60976 61145 61178 61263 61304 61671 61714 61715 62081 62082 62084 62262 62510 62855 63511 63539 63557 63591 63643 63651 63708 63735 64204 64211 64529 64557 64568 64854 64860 64869 64902 64934 64978 65003 65013 65021 65150 65228 65620 65621 66072 66387 66390 66415 66417 66425 66426
-------------------------------------------------

Searching Filename: /home/aubcls63/homework_6/part_2/book_pages/pg158.txt

There were 52 matching lines with the search word

The search word was found on the following lines: 
322 1063 1136 1343 1656 2293 2536 2630 2664 2870 3167 3382 3414 3528 3564 3659 4287 4635 4823 5017 5434 5640 6501 7097 7105 7107 7433 8149 8639 8642 9143 9324 9510 9648 10300 10483 10490 11017 11563 11720 11779 12941 13188 13453 13526 13594 13699 13701 14403 15177 15641 15759
-------------------------------------------------

Searching Filename: /home/aubcls63/homework_6/part_2/book_pages/pg161.txt

There were 48 matching lines with the search word

The search word was found on the following lines: 
227 255 558 570 1373 1636 2229 2324 2555 2666 2773 3019 3085 3099 3204 3294 3623 3707 3804 3825 3974 4109 5053 5776 5777 6304 6412 7222 7251 7423 7479 7550 7947 8093 8132 8311 8324 8551 8982 9449 9477 9672 9764 9820 9823 10749 10750 11666
-------------------------------------------------

Searching Filename: /home/aubcls63/homework_6/part_2/book_pages/pg16328.txt

There were 6 matching lines with the search word

The search word was found on the following lines: 
1578 3308 4366 4493 5189 6463
-------------------------------------------------

Searching Filename: /home/aubcls63/homework_6/part_2/book_pages/pg1661.txt

There were 75 matching lines with the search word

The search word was found on the following lines: 
364 367 494 849 1067 1072 1373 1375 1401 1403 1410 1421 1719 1749 1866 1928 1956 2053 2075 2427 2436 2633 2666 3514 3550 3607 4016 4068 4215 4285 4544 4605 4665 4783 4875 5047 5159 5195 5655 5834 6053 6672 6820 7088 7472 7497 7624 7971 8040 8800 8959 9235 9876 10002 10068 10219 10357 10504 10508 10613 10903 10905 10939 10998 11080 11244 11415 11475 11477 11516 11723 11893 12083 12384 12386
-------------------------------------------------

Searching Filename: /home/aubcls63/homework_6/part_2/book_pages/pg174.txt

There were 89 matching lines with the search word

The search word was found on the following lines: 
147 165 203 249 459 474 533 574 665 710 779 844 862 1063 1066 1188 1198 1390 1393 1405 1576 1692 1844 1930 2007 2023 2051 2100 2403 2405 2453 2523 2630 2636 2904 3001 3108 3341 3398 3460 3536 3537 3545 3663 3665 3874 4098 4156 4284 4302 4324 4342 4350 4351 4469 4472 4537 4543 4575 4690 5531 5622 5623 5633 5645 5664 5678 5713 5831 5887 6278 6368 7210 7249 7260 7451 7626 7704 7738 7809 8017 8106 8126 8194 8215 8306 8415 8461 8488
-------------------------------------------------

Searching Filename: /home/aubcls63/homework_6/part_2/book_pages/pg1952.txt

There were 12 matching lines with the search word

The search word was found on the following lines: 
39 375 415 459 479 510 522 563 653 663 824 855
-------------------------------------------------

Searching Filename: /home/aubcls63/homework_6/part_2/book_pages/pg2591.txt

There were 58 matching lines with the search word

The search word was found on the following lines: 
235 359 500 564 690 718 949 1028 1218 1349 1377 1409 1508 1574 1920 1958 2316 2318 2328 2363 2550 2554 2721 2748 3024 3150 3511 3616 3793 3815 3927 4072 4073 4095 4591 4600 4716 4725 4802 4808 5203 5647 6168 6548 6580 6930 7032 7043 7259 7370 7459 7633 8277 8460 8461 9081 9095 9155
-------------------------------------------------

Searching Filename: /home/aubcls63/homework_6/part_2/book_pages/pg2701.txt

There were 118 matching lines with the search word

The search word was found on the following lines: 
921 924 926 928 1019 1023 1279 1378 1519 1721 1958 2121 2125 2130 2705 2742 2888 2904 3212 3213 3639 3815 3976 4034 4072 4092 4629 4781 4810 4811 4813 5523 5533 5545 5863 5902 6600 6853 6884 7027 7240 7788 7834 7839 7850 7855 7858 7915 7916 7918 7944 7945 8271 8526 8812 8819 8824 9026 9327 9555 9628 9642 10328 10608 11253 11725 11749 11948 12579 12846 12859 12876 12884 13108 13533 13876 14271 14518 14534 14573 15333 15636 15718 15789 15846 15859 15875 16231 16604 16814 16852 17052 17124 17242 17922 18073 18080 18148 18187 18337 18656 18666 18719 18755 19515 19517 19531 19534 19535 20087 20141 20155 20702 20703 20722 21245 21849 21942
-------------------------------------------------

Searching Filename: /home/aubcls63/homework_6/part_2/book_pages/pg30254.txt

There were 47 matching lines with the search word

The search word was found on the following lines: 
134 446 736 956 1337 1338 1368 1380 1460 1641 1710 2121 2461 2464 2908 3156 3772 3786 3846 5584 6308 6709 6954 9609 9617 9636 9708 9710 9886 9917 10994 11084 11378 11382 11804 11817 12363 12406 12696 13100 13101 15246 15737 15793 17050 17390 17832
-------------------------------------------------

Searching Filename: /home/aubcls63/homework_6/part_2/book_pages/pg345.txt

There were 88 matching lines with the search word

The search word was found on the following lines: 
557 992 999 1017 1125 1985 1986 2086 2486 2490 2520 2725 2755 2765 2825 2830 2984 3045 3103 3576 4065 4092 4382 4548 4639 4826 4895 4903 5155 5384 5454 6698 6782 6785 6833 7086 7115 7172 7190 7225 7227 7252 7888 7895 7898 7911 7912 7913 7914 7989 8049 8377 8552 9095 9113 9193 9540 9572 9574 9611 9647 9717 9887 10493 10580 10826 11053 11058 11167 11647 12006 12138 12440 12588 12589 12764 12889 12902 13306 13400 13405 13412 13935 14215 14477 14550 15014 15055
-------------------------------------------------

Searching Filename: /home/aubcls63/homework_6/part_2/book_pages/pg4300.txt

There were 188 matching lines with the search word

The search word was found on the following lines: 
200 304 349 371 515 825 1265 1724 1844 1848 1857 1872 1909 2123 2126 2371 2476 2478 2555 2562 2804 3208 3324 3511 3572 3610 3706 3796 3829 3852 4329 4469 4584 4601 5253 5343 5412 5970 6361 6579 6609 6613 6784 7263 7724 7741 7855 8389 8592 8655 8728 9253 9418 9422 9441 9734 9782 10158 10164 10173 10271 10359 10371 10464 11603 11830 11869 12655 12994 13155 13414 13528 13543 13729 13758 13828 13829 13866 14037 14767 14966 16517 16520 17042 17085 17176 17520 17529 17813 17824 17842 17888 17889 17953 18074 18077 18083 18210 18302 18460 18793 18831 18903 19311 19639 19813 20351 20404 20725 20935 21134 21703 22028 22882 22992 23687 23770 23945 24168 24175 25050 25060 25080 25853 25985 25996 26104 26202 26264 26274 26429 26486 26521 26585 26589 26793 26893 26988 27082 27192 27406 27496 27508 27551 27710 27723 27761 27945 28087 28284 28363 28637 28715 29003 29114 29119 29123 29188 29257 29327 29350 29436 29807 29812 29916 30012 30506 30823 30851 30915 31208 31285 31355 31770 32074 32173 32418 32436 32491 32536 32577 32584 32636 32646 32685 32767 32770 32782
-------------------------------------------------

Searching Filename: /home/aubcls63/homework_6/part_2/book_pages/pg5200.txt

There were 9 matching lines with the search word

The search word was found on the following lines: 
273 305 312 335 336 370 385 1093 1110
-------------------------------------------------

Searching Filename: /home/aubcls63/homework_6/part_2/book_pages/pg6130.txt

There were 47 matching lines with the search word

The search word was found on the following lines: 
945 997 1183 2094 2115 2531 2606 2753 4862 5071 5194 7218 7220 7425 8788 9761 9846 9944 11466 12052 12145 12151 12792 13919 14421 14550 14983 16394 16395 17501 17503 18293 18932 18987 19875 20394 20739 20815 20889 20890 21959 22273 22495 22506 22634 23154 23155
-------------------------------------------------

Searching Filename: /home/aubcls63/homework_6/part_2/book_pages/pg74.txt

There were 98 matching lines with the search word

The search word was found on the following lines: 
631 709 718 744 745 793 960 969 980 1045 1325 1458 1627 1866 1875 2016 2026 2034 2050 2088 2102 2108 2120 2156 2189 2456 2464 2470 2474 2536 2742 2744 2747 2757 3018 3083 3090 3295 3422 3514 3616 3703 3912 3914 3946 4233 4234 4508 4513 4537 4543 4883 4891 4908 5050 5054 5058 5239 5241 5256 5260 5830 5837 6131 6140 6182 6255 6268 6273 6365 6404 6483 6729 6900 6906 6994 7114 7116 7179 7188 7194 7264 7294 7398 7479 7537 7560 7730 7797 7907 8111 8217 8221 8333 8487 8575 8803 8843
-------------------------------------------------

Searching Filename: /home/aubcls63/homework_6/part_2/book_pages/pg76.txt

There were 205 matching lines with the search word

The search word was found on the following lines: 
601 680 832 844 854 857 910 914 915 916 986 995 1006 1015 1029 1097 1112 1268 1276 1287 1476 1498 1513 1514 1516 1614 1696 2048 2095 2174 2231 2618 2651 2775 2781 2831 2904 3017 3285 3294 3304 3305 3342 3417 3423 3447 3451 3520 3536 3538 3563 3565 3582 3712 3728 3734 3754 3878 3890 4010 4278 4286 4313 4339 4343 4347 4432 4653 4676 4680 4737 4837 4857 6115 6125 6196 6233 6354 6510 6524 6598 6833 6925 6955 6958 7074 7078 7103 7127 7131 7137 7144 7149 7161 7173 7222 7318 7324 7343 7600 7695 7697 7741 7785 7796 7805 7811 7842 7948 7953 7957 7970 7979 7988 8006 8131 8212 8410 8587 8593 8759 8761 8772 8847 8900 8905 9097 9153 9164 9173 9269 9300 9302 9318 9378 9386 9395 9424 9441 9531 9542 9579 9582 9712 9718 9725 9809 9813 9822 9831 9835 9865 9867 9880 9908 9927 9955 9960 10008 10018 10019 10038 10054 10366 10465 10477 10486 10583 10589 10717 10719 10723 10731 10741 10745 10773 10826 10831 10902 10978 11177 11334 11364 11369 11445 11449 11453 11467 11483 11484 11485 11517 11590 11712 11725 11729 11739 11783 11812 11828 11829 11870 11872 11953 11955
-------------------------------------------------

Searching Filename: /home/aubcls63/homework_6/part_2/book_pages/pg844.txt

There were 30 matching lines with the search word

The search word was found on the following lines: 
135 200 201 211 226 252 321 332 334 369 391 526 1191 1211 1389 1415 1442 1627 1716 1832 1885 1926 2095 2159 2400 2460 2464 2518 2829 3025
-------------------------------------------------

Searching Filename: /home/aubcls63/homework_6/part_2/book_pages/pg8800.txt

There were 50 matching lines with the search word

The search word was found on the following lines: 
1086 1430 2293 3218 3526 3675 3899 4129 5385 5461 5725 5757 6018 6657 6931 7178 7243 7408 7618 7716 8045 8048 8141 8343 8381 8448 8855 9568 9774 10183 10523 10541 10578 10583 10601 10620 10621 11284 11285 11785 11950 12183 13048 13264 14052 15175 15290 15315 15341 15435
-------------------------------------------------

Searching Filename: /home/aubcls63/homework_6/part_2/book_pages/pg98.txt

There were 70 matching lines with the search word

The search word was found on the following lines: 
349 930 1021 1110 1111 1112 1293 1492 1494 1960 2137 3364 3395 3396 3400 3431 3468 3479 3657 3717 3871 4032 4459 4520 4532 4722 5138 5697 5815 5833 5885 5890 5985 6039 6041 6270 6520 6615 6789 7135 8270 8272 8275 8303 8786 9000 9924 10039 10041 10044 10050 10053 10581 10583 10769 11842 11879 12199 12460 12647 12800 13337 14265 14266 14425 14454 14533 14744 15187 15736
